100
1	0	1665	3350	1713	4615	4632	1932	2747	4712	2655	3430	2394	3994	210	1375	2142	806	755	3444	3402	1957	3838	3323	242	2563	2785	4156	2520	4947	1209	3274	329	2774	4424	4741	290	4056	1674	837	3768	2129	4166	3962	1123	2176	3138	1066	2881	1693	4409	4084	3549	1149	2407	3691	3611	2992	748	1131	840	1856	4304	1069	4529	1630	3610	2619	686	3084	3355	2255	3014	422	1217	4036	2498	2155	2902	3179	3748	213	164	2297	1261	2470	3788	2672	463	4435	3702	1202	1292	907	4970	3621	2436	1482	1241	923	4465	
2	1665	0	978	2479	2718	4894	4316	3016	2050	119	3995	798	3031	4059	895	2092	4329	4583	4663	2592	4018	1266	1595	3110	2073	1565	1732	2309	847	773	1032	3113	969	1909	3392	1487	1804	609	4402	1654	628	1299	2351	1459	358	1046	3451	4586	629	3114	2179	2448	4280	1574	3358	4153	939	2890	4262	1686	3562	295	4698	2332	4903	3090	3718	1707	1500	3121	1161	2027	2220	1312	3385	2477	2258	4636	4863	2786	2751	4842	3034	4831	1416	1393	1885	2255	4182	1147	3840	646	1341	1439	2877	4045	2329	1595	752	3728	
3	3350	978	0	1813	3555	4635	3024	4741	4912	3082	4377	4776	3669	4928	2519	1703	2660	3835	896	4444	3890	2879	592	631	3424	4632	1969	4101	3677	2098	3496	2230	3627	1013	1843	4982	3448	2667	2624	1262	750	2002	3838	4318	4730	1357	3821	2391	2992	4617	4635	1882	2496	227	2412	3720	2660	2181	2821	1337	2080	1317	1367	707	130	3109	3489	1379	3577	1114	2540	4226	916	4178	1445	646	535	266	837	3427	2683	473	3109	179	3399	522	1699	1059	503	4419	2296	2482	3537	1463	989	1467	4472	4378	2745	3049	
4	1713	2479	1813	0	3085	176	4107	2263	1520	4652	599	4485	3290	1826	2169	3662	4834	148	2061	3156	4547	3020	3559	1867	3116	3841	404	4478	2631	4571	1851	4809	217	2700	3101	3202	2775	2208	3265	2095	4660	1664	4381	2950	3389	4350	4412	1125	2298	1474	4180	1845	2294	640	3612	410	4381	1816	2688	2012	1387	2340	1821	1504	4939	2722	2506	616	4829	3571	511	2390	236	4791	341	1425	4141	2553	2449	4240	3926	1630	1085	4020	2169	4596	2230	4350	1413	4818	4162	600	2158	3783	4803	4897	1505	2309	513	4134	
5	4615	2718	3555	3085	0	3724	1525	3816	3515	4565	3041	558	2118	491	4697	3845	4820	782	2865	4789	3179	4995	4140	2392	2714	3302	792	2672	2086	596	2569	1391	2804	883	526	1485	4506	1950	3101	922	4315	1143	1379	1433	4333	3876	3078	4153	2459	944	3942	638	3739	983	830	1453	2086	1521	4024	1972	2016	4393	3262	2621	276	3687	1906	4681	3437	4907	604	2752	3850	4682	1986	1084	3559	4963	237	1018	3707	1979	4355	2446	2862	185	1699	2748	4405	723	4619	1422	117	2881	1843	3092	4369	3648	2774	2806	
6	4632	4894	4635	176	3724	0	1178	3359	306	860	3145	1289	2219	1009	4225	3136	4616	1205	392	4862	1867	476	1562	4514	4781	4984	4133	4003	101	4814	846	3093	4183	4393	3667	4790	850	4744	1050	3855	3404	4094	2945	624	103	4970	1560	2519	3975	1852	2382	842	128	1744	3156	2709	1728	190	4512	4529	2805	358	523	1988	2552	1990	4578	1202	4534	628	2857	2938	2522	3602	1362	426	3573	723	2844	2548	2474	3026	1191	402	4669	2147	912	4198	2237	424	1628	4941	682	2050	4729	1034	3939	4308	2135	3473	
7	1932	4316	3024	4107	1525	1178	0	2792	4211	3059	1395	574	3384	4867	1196	4028	316	1470	2055	1406	4571	4524	3453	483	1623	3490	807	3150	1332	4188	3000	1061	222	4739	3169	157	1113	3706	749	325	1765	2043	3598	2949	4710	2594	1977	2827	1864	1832	4132	1435	1357	486	1818	780	1776	425	3830	3007	4512	4630	1869	2534	4370	4937	491	483	1544	1139	3507	3208	983	2105	1157	3493	2499	935	1320	4262	2666	3253	3498	3922	1539	3116	2503	3215	3440	1333	4022	853	3763	891	1187	3133	3629	4377	3516	173	
8	2747	3016	4741	2263	3816	3359	2792	0	4823	1182	4198	1929	139	2692	2228	973	1812	1491	3539	4964	4888	362	1504	905	2764	4618	4244	1897	3640	2897	661	2332	3983	1594	961	1261	2910	3833	4476	2734	4914	1576	4562	4953	2068	1790	3726	3779	1081	166	3744	3769	428	248	4573	992	2666	1718	690	4106	4514	4050	1438	1398	644	199	2558	3454	3932	2035	1188	1747	3510	3550	4500	578	3140	3227	2157	4121	3292	901	791	1520	3848	365	313	4314	4782	902	3421	4297	4851	2659	695	495	659	1054	1749	2391	
9	4712	2050	4912	1520	3515	306	4211	4823	0	2836	4037	4298	1386	3538	2676	2327	4565	4732	1448	758	3434	4938	2178	2282	3103	2390	1597	2886	1092	2818	2183	3743	3277	678	4137	3835	4431	887	1226	320	1523	3064	4517	710	1602	4993	2936	1167	4726	2184	1824	3160	2122	1802	3242	226	1992	2639	3011	884	3257	2994	4526	1535	1472	3664	3170	904	2351	2197	1123	3773	261	3441	2283	4562	3434	219	3529	1061	2302	3153	2021	4324	2756	264	2350	4647	2802	361	532	1060	1155	2858	395	2526	1522	1365	3329	1673	
10	2655	119	3082	4652	4565	860	3059	1182	2836	0	4352	3247	1522	2793	530	1084	4027	649	2413	4988	751	567	2009	4974	3222	2172	2324	770	2775	485	4001	1635	1539	1860	4729	3965	1182	1094	195	656	4455	4446	3802	3777	140	2132	2662	4067	581	4974	1956	1232	3341	3864	1206	4363	3837	1331	134	4412	4515	1935	1047	1055	1595	776	2820	2677	1769	2914	1133	4024	262	4834	2802	3101	4766	464	4968	348	3238	1924	1479	1580	3589	485	943	2426	4515	3776	1838	4031	3512	685	2886	107	4160	706	584	929	
11	3430	3995	4377	599	3041	3145	1395	4198	4037	4352	0	1616	2754	4381	4250	3356	2483	4017	1620	2451	4264	4757	2176	743	4137	765	3927	2881	3090	3443	1657	2728	2474	2969	1213	360	2976	373	3765	1360	1201	2985	2876	1755	2367	2126	111	2650	3943	1630	2901	3207	4188	4976	1750	3325	741	678	1206	1631	1921	664	2159	4294	3532	3271	2454	4308	3543	4019	669	2545	4804	1345	4199	2171	3370	2111	2621	215	1541	523	3321	729	499	2872	1855	3940	1350	2960	571	3170	3523	531	2464	4856	3701	2718	4164	2245	
12	2394	798	4776	4485	558	1289	574	1929	4298	3247	1616	0	4732	2590	4341	3877	1789	1513	149	1700	1934	263	3141	2356	1384	1670	656	4155	3424	4495	505	4185	2866	3574	609	3296	3838	465	4798	1556	4529	4843	1093	2162	2433	435	1040	2022	4647	1088	3622	4381	4050	4563	1738	434	1233	194	4489	2458	4588	2794	1643	355	1369	2151	1452	3007	417	1250	2364	4845	3893	1257	4807	1326	4391	3647	3247	1939	2535	1869	1321	1585	4232	2958	4719	466	3051	4208	724	540	4802	2266	3594	3971	2217	4945	1979	2533	
13	3994	3031	3669	3290	2118	2219	3384	139	1386	1522	2754	4732	0	4242	279	2888	3299	2887	2014	2691	1534	262	4529	1870	4830	850	1255	4063	1608	974	2329	4558	2982	2952	2898	2785	3018	1493	1756	3035	4238	1535	569	1135	3577	3547	1823	1877	1434	3737	4467	769	1799	1897	2538	1629	2647	1593	3492	4154	2467	821	1614	3249	1573	4411	3834	2391	904	591	427	2943	4825	3695	3977	3403	2242	800	280	3576	4436	2547	4244	1235	4343	4582	665	4790	1175	4056	3945	1442	2678	3359	4591	2051	2770	1326	4342	1475	
14	210	4059	4928	1826	491	1009	4867	2692	3538	2793	4381	2590	4242	0	2569	4317	4442	1264	1195	2845	1306	1894	925	4781	4131	1272	1926	3166	615	1508	1631	3206	484	3488	4951	1825	1166	3310	4216	3116	1080	543	359	355	159	728	2472	4500	1891	3566	246	3097	3261	1070	779	2392	2241	2605	3358	657	1913	2790	1663	2296	1278	1614	1922	2343	4823	1138	3259	3703	4380	1419	3958	2340	2046	1430	1840	1738	4896	4786	2635	1058	3656	3313	1250	3698	3718	4507	4254	632	2297	3717	2827	3474	331	4648	3617	154	
15	1375	895	2519	2169	4697	4225	1196	2228	2676	530	4250	4341	279	2569	0	4677	1657	2967	1096	615	307	3041	4745	4847	2579	2542	4633	214	3499	1190	3427	4648	4787	4945	2056	1942	577	2154	659	3304	628	889	853	2046	3742	4339	1723	400	208	2718	3714	3214	3559	3459	962	1139	3801	3395	4052	2300	4485	2479	4748	4272	326	1805	1215	802	3858	1773	1906	2286	463	2659	2132	4104	4798	3754	2304	2806	4272	1019	1021	2832	2278	1882	1771	1080	278	823	1180	4662	1103	3729	3934	1328	534	2949	2029	2192	
16	2142	2092	1703	3662	3845	3136	4028	973	2327	1084	3356	3877	2888	4317	4677	0	1736	2278	4984	4294	4310	1989	1993	3064	2094	4699	2337	3012	720	2969	3090	402	4639	1970	579	3262	951	3041	4264	4579	4776	592	2913	2725	422	105	2347	2057	2282	232	4151	1592	4921	1144	4556	2015	3643	4693	2827	2163	2662	917	2465	202	688	844	3363	1538	1686	529	3917	1462	1020	1830	4086	4141	1834	4234	3998	1916	2266	1050	1309	2187	4894	3665	4101	3537	3358	1928	701	3820	646	966	3921	4033	1709	185	3371	3294	
17	806	4329	2660	4834	4820	4616	316	1812	4565	4027	2483	1789	3299	4442	1657	1736	0	2288	2556	4333	4017	1643	1375	3651	3677	374	3367	943	1323	4575	3030	1217	3240	4931	2555	4398	1860	3155	3218	306	4020	4939	4238	3529	125	2609	4624	637	4796	2180	2770	1714	1623	4045	3165	300	4318	4332	3943	3441	3908	1973	2459	4948	1904	4913	4347	1564	969	2565	1769	2789	406	1007	1318	430	1416	3742	3766	4012	3723	4337	726	346	3382	1691	3346	601	1024	2289	3941	2732	4161	4200	581	3865	4113	4827	3230	2882	
18	755	4583	3835	148	782	1205	1470	1491	4732	649	4017	1513	2887	1264	2967	2278	2288	0	4898	671	599	3706	4689	3728	2922	3431	395	1935	2154	4631	2560	301	3013	2052	3546	1414	876	3635	3156	1408	697	2356	1888	4461	4270	1716	2691	2152	4709	491	2723	3108	1997	2412	1836	4818	3643	4930	1753	798	4562	2114	3798	476	1966	245	1790	2741	3779	4845	4048	4375	102	3736	1737	4271	3252	4328	1424	2961	2619	4046	1069	2416	1458	705	2234	101	3436	1788	3598	899	1702	297	1274	3567	441	864	1308	4119	
19	3444	4663	896	2061	2865	392	2055	3539	1448	2413	1620	149	2014	1195	1096	4984	2556	4898	0	3156	3494	3511	4692	232	2782	2945	2360	4105	906	2779	1052	4675	195	310	3180	229	3111	4416	1916	1709	315	3517	4706	4289	4884	147	153	3992	2067	1463	2148	3361	4873	1841	1393	556	2586	3652	2462	1292	4231	3413	967	2226	3623	1948	2355	1734	1364	2071	1243	4379	3389	3749	3668	3273	3796	1621	2266	3663	2983	2214	2024	757	1855	3317	1213	4340	4769	1475	633	1902	2688	4299	4027	1311	4047	1382	845	412	
20	3402	2592	4444	3156	4789	4862	1406	4964	758	4988	2451	1700	2691	2845	615	4294	4333	671	3156	0	4788	4690	4542	1438	1259	2815	3034	2779	2881	1697	763	4995	3621	1419	4650	4738	432	3991	4507	1806	2424	1409	4394	1723	3237	3505	771	4518	2151	3882	772	4739	1473	314	1177	2631	930	4111	410	3710	3608	3872	1606	2229	3092	1257	4767	3423	3048	2176	3030	472	1385	325	4894	4521	1630	3465	4040	3680	248	2612	1320	1620	727	298	2051	4356	2209	262	967	817	4033	2473	847	2125	1530	614	3349	4477	
21	1957	4018	3890	4547	3179	1867	4571	4888	3434	751	4264	1934	1534	1306	307	4310	4017	599	3494	4788	0	1379	2749	3974	1603	544	3495	3132	3909	436	4613	4056	849	3733	3477	1475	3930	528	3631	1139	3489	4497	1856	2523	4770	503	2448	1300	1016	797	3577	3605	4875	4126	480	1478	4570	3874	2411	3479	2111	4824	436	2859	3557	3812	2134	389	2141	765	4227	630	262	1083	953	4932	4285	1202	4032	302	1898	2610	1707	1774	1736	2086	1052	4106	3760	1263	2585	871	1087	822	1530	2445	4533	3563	2733	4474	
22	3838	1266	2879	3020	4995	476	4524	362	4938	567	4757	263	262	1894	3041	1989	1643	3706	3511	4690	1379	0	1960	2905	2290	844	1658	123	129	2759	1955	3130	4557	2365	4736	4131	1902	1822	183	1008	583	4146	1394	4153	233	2115	684	478	4448	4146	1011	3923	1275	2871	4628	1365	1515	1286	4187	4343	1846	1142	2474	4203	1308	2210	3334	3109	1833	1317	4016	2315	3263	410	1468	3396	2424	2051	1674	1873	3998	2585	3596	3073	3256	1125	4337	4670	211	1425	1914	1956	367	4287	1159	1574	4298	2293	4582	1131	
23	3323	1595	592	3559	4140	1562	3453	1504	2178	2009	2176	3141	4529	925	4745	1993	1375	4689	4692	4542	2749	1960	0	3599	3345	4573	1809	2613	870	4133	2465	2444	3806	1463	2829	303	4435	1085	1327	1673	755	1437	898	2568	1194	1164	4656	153	2638	3954	247	2220	4984	4357	3619	1230	1831	429	3742	2601	2362	4007	2845	1168	470	3474	1370	2705	4458	497	2178	3013	1833	2975	3381	827	4039	3037	880	4477	4791	1026	1697	4775	383	317	3805	2113	3445	2548	2514	807	4355	3159	1874	4725	1633	1044	331	1091	
24	242	3110	631	1867	2392	4514	483	905	2282	4974	743	2356	1870	4781	4847	3064	3651	3728	232	1438	3974	2905	3599	0	310	1904	1073	3184	286	1800	124	3222	480	4500	3014	1405	3998	690	4487	2115	4395	1600	560	4743	1915	1266	4098	2874	940	1724	4407	1883	1955	3298	1123	4964	203	2095	3148	388	1695	1073	1410	2074	3373	4323	1279	2371	2814	766	4385	2209	167	4844	4752	4781	3910	1751	2655	4749	3375	2062	1632	3130	3161	555	3094	3263	451	4042	1451	2045	2915	2760	1920	1289	4884	999	1460	2698	
25	2563	2073	3424	3116	2714	4781	1623	2764	3103	3222	4137	1384	4830	4131	2579	2094	3677	2922	2782	1259	1603	2290	3345	310	0	846	2707	4531	3490	2459	4312	302	4109	4767	4950	385	1830	4383	3414	2791	4837	4308	1054	288	1252	2404	134	4066	164	4753	355	4947	752	1715	546	2316	361	3152	4647	1651	3411	1860	1852	422	1628	4603	706	1258	3986	1921	3948	1724	4029	4901	1912	281	206	4745	4247	3069	4498	2402	3017	250	1917	1363	367	2177	4415	4913	1629	2826	4574	3380	3147	1202	884	1654	2359	4769	
26	2785	1565	4632	3841	3302	4984	3490	4618	2390	2172	765	1670	850	1272	2542	4699	374	3431	2945	2815	544	844	4573	1904	846	0	1307	1494	404	4008	1206	585	4113	3751	2632	2182	3249	4933	2999	1299	1851	4262	1565	1828	1578	4279	3356	4303	1754	4537	352	2855	421	4705	3014	2991	1080	4220	2285	4183	1129	1291	4667	242	4941	2299	224	3190	134	1024	2289	4684	286	1655	1512	1763	3734	2669	3866	488	2206	2018	3242	427	4523	1256	1218	603	3276	3402	4686	4304	4592	2254	2346	2434	2354	370	3424	288	
27	4156	1732	1969	404	792	4133	807	4244	1597	2324	3927	656	1255	1926	4633	2337	3367	395	2360	3034	3495	1658	1809	1073	2707	1307	0	714	4871	4278	2268	1383	3841	1002	3951	2708	1389	3957	2526	2431	2185	2050	1487	3302	453	4662	4505	2939	1867	1998	194	4112	4332	348	4381	657	535	3475	1270	406	2753	1338	4488	1595	140	1341	2103	4228	298	2429	1659	283	4378	3045	1386	2632	608	3691	571	2374	689	3464	4286	2821	3711	3668	3378	2046	4943	2448	2351	2696	3686	4640	2091	1626	981	1994	855	3978	
28	2520	2309	4101	4478	2672	4003	3150	1897	2886	770	2881	4155	4063	3166	214	3012	943	1935	4105	2779	3132	123	2613	3184	4531	1494	714	0	314	4161	1602	1160	547	4133	1667	4137	2505	1842	2626	969	1128	448	2481	2596	1626	2327	2539	1874	2479	3036	560	2119	127	4886	2999	2021	741	1977	4144	3754	1138	746	4813	4384	2680	4281	1422	185	1123	3948	3853	4950	2196	4134	2547	1622	1462	2886	3395	3840	922	1756	959	949	1642	3857	770	183	3634	4813	3836	4672	3359	3650	1957	1039	832	3279	3923	4654	
29	4947	847	3677	2631	2086	101	1332	3640	1092	2775	3090	3424	1608	615	3499	720	1323	2154	906	2881	3909	129	870	286	3490	404	4871	314	0	2777	4604	2223	4711	4951	1645	1173	2838	4939	2813	3659	1695	3671	2408	1137	429	978	1219	3963	3591	4955	1536	1951	1506	1293	2889	138	4471	1813	4691	2399	2390	2196	2422	2101	2148	3966	3174	2786	1807	3787	4245	3401	2459	4454	2339	688	432	3457	2451	3923	1313	1787	874	619	2980	1563	3456	352	1176	3147	2651	3465	3144	2873	3367	292	1840	4341	878	3546	
30	1209	773	2098	4571	596	4814	4188	2897	2818	485	3443	4495	974	1508	1190	2969	4575	4631	2779	1697	436	2759	4133	1800	2459	4008	4278	4161	2777	0	123	4747	587	2377	2086	3975	2709	3344	4226	4432	2457	1014	3106	877	1794	4568	4232	2045	3545	2380	2496	2010	3324	370	377	3515	4909	4617	2193	3455	2746	116	1103	1133	2393	990	2908	102	4233	2135	2334	4490	949	440	367	2642	2808	4499	2487	1353	4679	2784	1164	3003	954	4240	4318	863	1759	4311	2118	4404	4326	1021	3337	1719	1910	4046	4520	3943	
31	3274	1032	3496	1851	2569	846	3000	661	2183	4001	1657	505	2329	1631	3427	3090	3030	2560	1052	763	4613	1955	2465	124	4312	1206	2268	1602	4604	123	0	1854	3434	2029	4993	3700	2471	2802	1100	4857	1955	3579	2641	3018	4382	1395	2259	1601	2157	1818	912	2075	4022	239	2996	2359	1857	2706	4205	1378	1650	386	1032	4983	215	1026	1584	486	1628	485	344	3482	3963	785	4301	3346	2080	4360	2747	2037	1178	3559	1913	200	3697	2709	359	3354	415	4464	4631	1964	2650	3464	4747	666	4389	1332	1051	1017	
32	329	3113	2230	4809	1391	3093	1061	2332	3743	1635	2728	4185	4558	3206	4648	402	1217	301	4675	4995	4056	3130	2444	3222	302	585	1383	1160	2223	4747	1854	0	4094	2299	3479	2680	4400	4625	2560	3760	2373	2397	4837	932	4209	2837	2429	4718	3096	783	134	461	415	4797	3010	3778	4545	1476	1068	3677	2427	4784	393	4321	4883	1672	2001	4284	1298	4460	3044	1471	1858	783	2302	3867	1420	4630	3586	4415	413	1520	2676	3527	1317	3487	206	862	4862	3973	2339	190	3757	2631	4411	1542	2104	1412	826	1202	
33	2774	969	3627	217	2804	4183	222	3983	3277	1539	2474	2866	2982	484	4787	4639	3240	3013	195	3621	849	4557	3806	480	4109	4113	3841	547	4711	587	3434	4094	0	3769	2572	3331	2352	2674	2198	3672	2304	784	988	517	104	3564	1845	1321	2051	4750	4882	1913	1625	2222	2003	3182	2653	4214	4623	4656	626	449	858	2099	2019	1230	430	4270	3803	2528	2942	3907	1112	1731	4324	1116	295	3969	237	2245	1620	119	1958	3144	2240	1761	1327	2694	975	950	251	4301	1299	1009	1400	1118	2138	1730	388	3742	
34	4424	1909	1013	2700	883	4393	4739	1594	678	1860	2969	3574	2952	3488	4945	1970	4931	2052	310	1419	3733	2365	1463	4500	4767	3751	1002	4133	4951	2377	2029	2299	3769	0	1131	2649	970	2761	4773	4785	2955	3742	4921	3000	363	2841	2758	1307	2881	4419	2533	575	394	1284	726	2495	2482	4434	3795	3499	4372	3325	1687	3114	3183	2717	764	1953	3278	537	1739	4033	2080	4460	2033	243	2301	2592	1449	183	2011	3882	657	205	2966	4082	2600	3248	3516	4195	4547	2889	421	1234	3803	1404	1752	4466	3256	4929	
35	4741	3392	1843	3101	526	3667	3169	961	4137	4729	1213	609	2898	4951	2056	579	2555	3546	3180	4650	3477	4736	2829	3014	4950	2632	3951	1667	1645	2086	4993	3479	2572	1131	0	4894	1864	4783	4355	1697	4925	4456	4188	1374	4538	1199	3056	2996	1304	1022	2078	1704	4169	3395	3699	3716	4084	4019	2751	2887	3223	4402	2354	1479	2232	158	4174	3995	4840	1430	693	2666	886	4780	3939	425	3780	4796	1221	2884	818	3198	4487	2788	4393	3186	4304	3477	106	2055	1365	3228	1457	1519	2507	1490	4376	1681	485	4216	
36	290	1487	4982	3202	1485	4790	157	1261	3835	3965	360	3296	2785	1825	1942	3262	4398	1414	229	4738	1475	4131	303	1405	385	2182	2708	4137	1173	3975	3700	2680	3331	2649	4894	0	3877	4682	1697	3658	3621	2021	2438	1318	1042	322	4836	2040	2609	2624	1434	3595	1928	4810	1501	3883	3975	2529	3140	494	4935	4529	4769	1617	2815	1886	2427	1692	1568	4023	350	2990	3844	588	4207	4785	3609	1944	4626	4018	4467	1060	514	4196	870	1914	980	2646	4342	4019	3039	2179	1450	2809	1596	4164	4594	3922	3656	3963	
37	4056	1804	3448	2775	4506	850	1113	2910	4431	1182	2976	3838	3018	1166	577	951	1860	876	3111	432	3930	1902	4435	3998	1830	3249	1389	2505	2838	2709	2471	4400	2352	970	1864	3877	0	1807	1953	2491	2294	3960	178	3704	905	4703	2722	3172	763	1037	2368	4332	2850	1148	1978	4993	2968	4917	2172	4317	627	3667	1382	3021	490	4937	4784	4036	1744	4537	1528	1839	3498	1605	543	2203	1308	1065	3175	4770	4801	3344	4102	2652	4391	3881	546	2359	1699	518	4476	2225	4084	3658	3046	2374	3596	2831	1411	3140	
38	1674	609	2667	2208	1950	4744	3706	3833	887	1094	373	465	1493	3310	2154	3041	3155	3635	4416	3991	528	1822	1085	690	4383	4933	3957	1842	4939	3344	2802	4625	2674	2761	4783	4682	1807	0	2838	4878	3666	2243	3221	3669	3450	2087	1845	3220	1888	189	223	2340	4479	1904	2785	4639	3502	3202	2016	3527	187	675	4374	2461	4170	2205	1672	2310	2373	2310	4989	1040	4452	1111	4608	2902	3097	1453	3922	2786	4341	1945	126	1722	3749	712	1361	152	1714	3276	1480	1801	3850	854	2062	921	2958	1534	1032	331	
39	837	4402	2624	3265	3101	1050	749	4476	1226	195	3765	4798	1756	4216	659	4264	3218	3156	1916	4507	3631	183	1327	4487	3414	2999	2526	2626	2813	4226	1100	2560	2198	4773	4355	1697	1953	2838	0	3821	4070	3195	4831	3679	1097	830	2932	2819	3515	2274	2564	1441	1796	4113	2052	3056	4165	3666	4132	645	3267	884	1398	329	4504	2156	1762	536	2386	505	2157	4257	1500	1989	2936	2496	619	3668	3115	4033	3742	679	3274	538	4692	327	1394	1758	1793	3327	203	4959	4110	1500	3088	3614	3555	2650	1951	3741	
40	3768	1654	1262	2095	922	3855	325	2734	320	656	1360	1556	3035	3116	3304	4579	306	1408	1709	1806	1139	1008	1673	2115	2791	1299	2431	969	3659	4432	4857	3760	3672	4785	1697	3658	2491	4878	3821	0	4007	2998	4453	3796	3734	4749	4314	304	765	1248	1846	4143	4422	2284	1736	2549	1478	3393	4241	4704	3495	2101	3814	2795	189	330	4150	2738	4980	793	3592	1888	1591	946	685	3126	3495	2799	3329	2060	1848	175	1203	4070	259	2839	4419	1637	4032	3660	1341	429	3561	2956	3123	3649	3185	175	4187	3165	
41	2129	628	750	4660	4315	3404	1765	4914	1523	4455	1201	4529	4238	1080	628	4776	4020	697	315	2424	3489	583	755	4395	4837	1851	2185	1128	1695	2457	1955	2373	2304	2955	4925	3621	2294	3666	4070	4007	0	680	2853	2357	1525	3437	3283	2820	4037	1612	4779	3685	4487	3782	656	2546	1621	4974	4082	3454	3634	3224	3782	2195	1180	4705	3644	2165	4779	732	3130	3446	1311	983	3604	636	2221	1887	3355	1258	3399	1035	2743	787	4716	3298	3232	4138	3272	216	2592	4706	3339	1374	4701	4418	1079	1246	1583	3659	
42	4166	1299	2002	1664	1143	4094	2043	1576	3064	4446	2985	4843	1535	543	889	592	4939	2356	3517	1409	4497	4146	1437	1600	4308	4262	2050	448	3671	1014	3579	2397	784	3742	4456	2021	3960	2243	3195	2998	680	0	4612	2105	3087	595	709	1523	616	2496	2678	4573	3695	3612	2316	4381	1229	3414	514	367	1686	629	759	4192	3867	2032	3893	1186	912	139	569	4470	4715	2981	4375	703	3476	4984	2125	1892	381	2603	1466	3975	1215	3681	1257	245	2096	1670	3311	1582	4999	3970	775	3866	1002	2468	2853	4613	
43	3962	2351	3838	4381	1379	2945	3598	4562	4517	3802	2876	1093	569	359	853	2913	4238	1888	4706	4394	1856	1394	898	560	1054	1565	1487	2481	2408	3106	2641	4837	988	4921	4188	2438	178	3221	4831	4453	2853	4612	0	3321	4083	123	1303	3459	726	2579	1344	651	4370	1624	3154	836	3399	2169	2318	4555	2313	4313	4025	625	3695	4024	4494	4369	792	3296	1838	3544	2910	2145	1865	4793	2167	968	1153	693	3446	297	1244	718	1820	4297	1453	219	1466	3670	2574	3679	884	1600	2104	4479	624	4398	1749	1315	
44	1123	1459	4318	2950	1433	624	2949	4953	710	3777	1755	2162	1135	355	2046	2725	3529	4461	4289	1723	2523	4153	2568	4743	288	1828	3302	2596	1137	877	3018	932	517	3000	1374	1318	3704	3669	3679	3796	2357	2105	3321	0	3486	2659	3404	3431	2325	3198	3399	3192	2151	3991	4439	2348	235	157	1968	4431	1509	4887	3698	2980	2461	278	1664	3960	2281	1143	2385	1679	693	1500	2173	1979	4059	578	411	1384	1576	3709	2376	1527	601	1815	3774	3536	1871	3543	868	1181	3430	4465	1961	891	4642	3524	2652	4723	
45	2176	358	4730	3389	4333	103	4710	2068	1602	140	2367	2433	3577	159	3742	422	125	4270	4884	3237	4770	233	1194	1915	1252	1578	453	1626	429	1794	4382	4209	104	363	4538	1042	905	3450	1097	3734	1525	3087	4083	3486	0	4936	1402	3060	4236	1376	4938	3295	4653	3149	2479	4029	4658	2656	556	260	4370	2131	3695	4042	674	2363	3023	4003	1829	2784	4793	1471	4108	346	3995	1576	282	3197	2436	4418	4472	276	614	4125	3324	894	3154	884	3449	1511	1043	720	3541	2538	2562	2015	4800	3385	1018	4429	
46	3138	1046	1357	4350	3876	4970	2594	1790	4993	2132	2126	435	3547	728	4339	105	2609	1716	147	3505	503	2115	1164	1266	2404	4279	4662	2327	978	4568	1395	2837	3564	2841	1199	322	4703	2087	830	4749	3437	595	123	2659	4936	0	3611	3701	3078	3857	2696	2454	1939	893	4790	4157	3166	2866	2572	2291	1190	3365	3246	1973	4614	2557	816	3134	1098	1154	3497	913	3755	4682	1830	1085	3652	3241	4685	1730	4898	282	4083	1838	1075	1774	3795	4140	4539	1367	4231	3530	2532	378	3303	2146	2834	1920	3081	1732	
47	1066	3451	3821	4412	3078	1560	1977	3726	2936	2662	111	1040	1823	2472	1723	2347	4624	2691	153	771	2448	684	4656	4098	134	3356	4505	2539	1219	4232	2259	2429	1845	2758	3056	4836	2722	1845	2932	4314	3283	709	1303	3404	1402	3611	0	4378	2544	4528	4060	2174	3414	2712	416	3099	4341	314	3281	3425	4851	2156	2999	3647	4096	2539	4913	1228	1069	2446	1506	4271	2392	2140	1191	3273	3772	1965	2651	4116	4293	1712	1291	2707	2224	4406	3607	1566	2520	4688	2791	2372	1844	790	3819	3740	1129	3732	4867	2097	
48	2881	4586	2391	1125	4153	2519	2827	3779	1167	4067	2650	2022	1877	4500	400	2057	637	2152	3992	4518	1300	478	153	2874	4066	4303	2939	1874	3963	2045	1601	4718	1321	1307	2996	2040	3172	3220	2819	304	2820	1523	3459	3431	3060	3701	4378	0	4173	1369	4171	1314	360	2444	4985	2224	2896	2002	4318	2408	3192	2025	4531	2598	632	3897	119	320	1688	291	4863	279	4009	3603	1307	642	1372	3304	4520	545	2473	1592	1758	633	1836	4543	658	4631	1546	4875	2039	2538	4700	4371	2937	333	3268	856	3352	2757	
49	1693	629	2992	2298	2459	3975	1864	1081	4726	581	3943	4647	1434	1891	208	2282	4796	4709	2067	2151	1016	4448	2638	940	164	1754	1867	2479	3591	3545	2157	3096	2051	2881	1304	2609	763	1888	3515	765	4037	616	726	2325	4236	3078	2544	4173	0	1117	2935	2855	4619	4141	3396	3791	346	817	4236	619	2308	3794	3952	4044	1239	4509	1576	2684	2285	1416	3022	1985	787	959	118	3954	1714	1271	1711	560	2287	2446	3314	4706	4388	4511	3498	4633	328	2734	3053	437	4328	2005	2281	567	4314	1657	1051	1599	
50	4409	3114	4617	1474	944	1852	1832	166	2184	4974	1630	1088	3737	3566	2718	232	2180	491	1463	3882	797	4146	3954	1724	4753	4537	1998	3036	4955	2380	1818	783	4750	4419	1022	2624	1037	189	2274	1248	1612	2496	2579	3198	1376	3857	4528	1369	1117	0	3973	3483	3658	2732	1402	514	4346	2572	4924	2706	4758	272	3821	4464	4559	3332	2962	2093	1460	3496	2946	4596	2825	4850	1877	1192	4164	1335	2143	3563	4206	1116	2047	766	3747	3348	3979	994	920	1804	3600	3478	1975	2421	2942	1534	3553	905	1428	4912	
51	4084	2179	4635	4180	3942	2382	4132	3744	1824	1956	2901	3622	4467	246	3714	4151	2770	2723	2148	772	3577	1011	247	4407	355	352	194	560	1536	2496	912	134	4882	2533	2078	1434	2368	223	2564	1846	4779	2678	1344	3399	4938	2696	4060	4171	2935	3973	0	4273	2410	4925	2025	2087	1118	3989	3321	1061	2553	2528	2076	2400	1094	3623	3548	4972	2418	2268	1776	3818	746	3651	4039	3587	2985	2592	2292	4312	405	4393	3586	2714	2219	611	2602	1137	4499	923	2097	4852	3350	4072	2252	4343	597	800	2216	815	
52	3549	2448	1882	1845	638	842	1435	3769	3160	1232	3207	4381	769	3097	3214	1592	1714	3108	3361	4739	3605	3923	2220	1883	4947	2855	4112	2119	1951	2010	2075	461	1913	575	1704	3595	4332	2340	1441	4143	3685	4573	651	3192	3295	2454	2174	1314	2855	3483	4273	0	3892	4532	3612	444	3571	101	3328	3963	2292	542	2168	4485	4027	2683	1705	2438	285	2741	4737	1107	4738	4590	2258	1711	1842	4401	108	443	1618	822	3309	3310	354	4722	3653	1725	4722	1981	3488	4814	2422	3457	4300	4249	1140	1005	4487	4124	
53	1149	4280	2496	2294	3739	128	1357	428	2122	3341	4188	4050	1799	3261	3559	4921	1623	1997	4873	1473	4875	1275	4984	1955	752	421	4332	127	1506	3324	4022	415	1625	394	4169	1928	2850	4479	1796	4422	4487	3695	4370	2151	4653	1939	3414	360	4619	3658	2410	3892	0	4225	3031	1284	1716	289	796	1358	2491	803	1700	4008	1525	2810	219	4578	433	3771	4104	155	3552	493	2769	3775	3849	2069	3024	2789	874	413	4713	221	2438	2745	1404	4053	834	4899	3211	3224	703	2712	133	4927	3322	251	2406	3654	
54	2407	1574	227	640	983	1744	486	248	1802	3864	4976	4563	1897	1070	3459	1144	4045	2412	1841	314	4126	2871	4357	3298	1715	4705	348	4886	1293	370	239	4797	2222	1284	3395	4810	1148	1904	4113	2284	3782	3612	1624	3991	3149	893	2712	2444	4141	2732	4925	4532	4225	0	1510	1609	375	4703	4277	4049	1453	4147	4873	4142	2821	3086	1756	2941	524	4400	2146	2377	235	2045	3389	1259	548	1101	1292	475	4322	4242	2781	2976	1065	2091	4484	4139	1794	1662	3188	3147	809	962	190	1431	3948	1845	4271	2272	
55	3691	3358	2412	3612	830	3156	1818	4573	3242	1206	1750	1738	2538	779	962	4556	3165	1836	1393	1177	480	4628	3619	1123	546	3014	4381	2999	2889	377	2996	3010	2003	726	3699	1501	1978	2785	2052	1736	656	2316	3154	4439	2479	4790	416	4985	3396	1402	2025	3612	3031	1510	0	4217	2450	4180	1263	839	439	4510	1839	4430	4885	3961	3673	2666	1937	2538	4656	4221	1677	1451	883	2665	2398	4392	1427	2487	823	3175	4231	2894	448	3277	4912	698	2457	3975	1436	697	3485	3174	127	3370	4935	1600	3836	1872	
56	3611	4153	3720	410	1453	2709	780	992	226	4363	3325	434	1629	2392	1139	2015	300	4818	556	2631	1478	1365	1230	4964	2316	2991	657	2021	138	3515	2359	3778	3182	2495	3716	3883	4993	4639	3056	2549	2546	4381	836	2348	4029	4157	3099	2224	3791	514	2087	444	1284	1609	4217	0	3493	3893	3514	2744	2576	1179	2942	1968	407	429	591	3481	2460	1286	1729	738	1198	2326	995	2973	1562	1591	1458	2536	4418	4728	2471	1018	3564	2143	2856	4857	1036	1370	502	3512	350	3343	3280	3456	1572	1672	1937	3932	
57	2992	939	2660	4381	2086	1728	1776	2666	1992	3837	741	1233	2647	2241	3801	3643	4318	3643	2586	930	4570	1515	1831	203	361	1080	535	741	4471	4909	1857	4545	2653	2482	4084	3975	2968	3502	4165	1478	1621	1229	3399	235	4658	3166	4341	2896	346	4346	1118	3571	1716	375	2450	3493	0	1467	2470	4655	1593	3364	2628	3055	2756	3985	591	2174	1614	2962	992	2979	105	3747	737	3841	2918	1139	2353	1068	2282	3433	4423	3754	105	1360	2686	3562	627	156	3217	2120	1320	845	2975	1876	2631	3465	1850	4144	
58	748	2890	2181	1816	1521	190	425	1718	2639	1331	678	194	1593	2605	3395	4693	4332	4930	3652	4111	3874	1286	429	2095	3152	4220	3475	1977	1813	4617	2706	1476	4214	4434	4019	2529	4917	3202	3666	3393	4974	3414	2169	157	2656	2866	314	2002	817	2572	3989	101	289	4703	4180	3893	1467	0	2742	4923	4232	4289	661	974	108	4499	1127	1075	1781	4459	498	535	2365	4558	3120	927	185	1076	4044	105	197	4788	2979	1972	2419	1445	1623	4364	3472	4264	4287	605	1454	2748	1478	1462	2247	2504	337	3928	
59	1131	4262	2821	2688	4024	4512	3830	690	3011	134	1206	4489	3492	3358	4052	2827	3943	1753	2462	410	2411	4187	3742	3148	4647	2285	1270	4144	4691	2193	4205	1068	4623	3795	2751	3140	2172	2016	4132	4241	4082	514	2318	1968	556	2572	3281	4318	4236	4924	3321	3328	796	4277	1263	3514	2470	2742	0	735	4362	2129	293	384	2955	3177	4159	1999	3182	2156	4588	1161	4028	4807	406	651	4171	3778	2715	1360	4282	1969	4007	761	1231	1255	3164	1468	2983	2928	4902	2345	4956	195	529	2912	3271	2489	2711	4253	
60	840	1686	1337	2012	1972	4529	3007	4106	884	4412	1631	2458	4154	657	2300	2163	3441	798	1292	3710	3479	4343	2601	388	1651	4183	406	3754	2399	3455	1378	3677	4656	3499	2887	494	4317	3527	645	4704	3454	367	4555	4431	260	2291	3425	2408	619	2706	1061	3963	1358	4049	839	2744	4655	4923	735	0	200	415	1473	4907	3520	2023	1979	2298	2538	1139	4381	2308	2947	142	3438	4101	1106	2706	4884	1835	2608	130	1791	2702	559	2503	3774	848	3015	3027	392	3114	1242	1765	922	4662	1588	702	4760	1927	
61	1856	3562	2080	1387	2016	2805	4512	4514	3257	4515	1921	4588	2467	1913	4485	2662	3908	4562	4231	3608	2111	1846	2362	1695	3411	1129	2753	1138	2390	2746	1650	2427	626	4372	3223	4935	627	187	3267	3495	3634	1686	2313	1509	4370	1190	4851	3192	2308	4758	2553	2292	2491	1453	439	2576	1593	4232	4362	200	0	4141	4134	2487	2083	473	4388	990	3079	4272	2724	687	4302	4414	1190	2661	4718	2764	3408	2733	3591	3699	3647	4733	3264	2370	2296	4752	2971	2056	4479	2511	3998	3613	2799	1081	1886	2187	1970	4864	
62	4304	295	1317	2340	4393	358	4630	4050	2994	1935	664	2794	821	2790	2479	917	1973	2114	3413	3872	4824	1142	4007	1073	1860	1291	1338	746	2196	116	386	4784	449	3325	4402	4529	3667	675	884	2101	3224	629	4313	4887	2131	3365	2156	2025	3794	272	2528	542	803	4147	4510	1179	3364	4289	2129	415	4141	0	4593	3352	762	1909	4441	3322	1627	106	4530	2160	3596	3229	807	1230	4294	3076	3425	1947	3847	3282	1426	4159	2280	2839	1958	1161	4624	1945	3031	4489	3304	525	742	1866	234	2983	2988	4560	
63	1069	4698	1367	1821	3262	523	1869	1438	4526	1047	2159	1643	1614	1663	4748	2465	2459	3798	967	1606	436	2474	2845	1410	1852	4667	4488	4813	2422	1103	1032	393	858	1687	2354	4769	1382	4374	1398	3814	3782	759	4025	3698	3695	3246	2999	4531	3952	3821	2076	2168	1700	4873	1839	2942	2628	661	293	1473	4134	4593	0	2518	1720	1584	3548	328	2714	2842	1204	3939	4688	2852	2221	1114	2011	4400	3852	1769	3362	1377	3613	1393	3666	4718	4617	4307	1584	2652	2290	4472	2212	3078	4790	1733	2463	3338	4760	2977	
64	4529	2332	707	1504	2621	1988	2534	1398	1535	1055	4294	355	3249	2296	4272	202	4948	476	2226	2229	2859	4203	1168	2074	422	242	1595	4384	2101	1133	4983	4321	2099	3114	1479	1617	3021	2461	329	2795	2195	4192	625	2980	4042	1973	3647	2598	4044	4464	2400	4485	4008	4142	4430	1968	3055	974	384	4907	2487	3352	2518	0	3764	1916	3668	1616	1938	4681	1427	4138	1434	3095	2500	612	4509	1693	4177	4227	1311	3485	3611	3862	3575	984	3874	4454	775	607	1917	1913	3167	4793	894	1932	4509	4461	3447	1447	
65	1630	4903	130	4939	276	2552	4370	644	1472	1595	3532	1369	1573	1278	326	688	1904	1966	3623	3092	3557	1308	470	3373	1628	4941	140	2680	2148	2393	215	4883	2019	3183	2232	2815	490	4170	4504	189	1180	3867	3695	2461	674	4614	4096	632	1239	4559	1094	4027	1525	2821	4885	407	2756	108	2955	3520	2083	762	1720	3764	0	2675	586	1278	3570	2985	1789	3079	4578	967	207	3689	2252	3718	452	3627	4601	2126	3081	376	534	2798	2189	3600	492	883	532	4901	344	1780	4148	2287	4354	2534	1366	825	
66	3610	3090	3109	2722	3687	1990	4937	199	3664	776	3271	2151	4411	1614	1805	844	4913	245	1948	1257	3812	2210	3474	4323	4603	2299	1341	4281	3966	990	1026	1672	1230	2717	158	1886	4937	2205	2156	330	4705	2032	4024	278	2363	2557	2539	3897	4509	3332	3623	2683	2810	3086	3961	429	3985	4499	3177	2023	473	1909	1584	1916	2675	0	3054	3804	2898	1821	1811	4387	3972	529	2639	501	131	4664	3481	3206	198	4080	3195	3698	4471	3977	2030	2273	2122	3709	1422	2209	964	3855	3474	4489	2175	1529	1194	2873	
67	2619	3718	3489	2506	1906	4578	491	2558	3170	2820	2454	1452	3834	1922	1215	3363	4347	1790	2355	4767	2134	3334	1370	1279	706	224	2103	1422	3174	2908	1584	2001	430	764	4174	2427	4784	1672	1762	4150	3644	3893	4494	1664	3023	816	4913	119	1576	2962	3548	1705	219	1756	3673	591	591	1127	4159	1979	4388	4441	3548	3668	586	3054	0	2904	2260	2923	3333	4798	3323	1264	2364	4604	2270	2461	3684	466	3959	3156	2243	990	429	4264	2499	4550	1474	1264	3406	4847	753	3381	4176	1846	1255	3127	4649	3414	
68	686	1707	1379	616	4681	1202	483	3454	904	2677	4308	3007	2391	2343	802	1538	1564	2741	1734	3423	389	3109	2705	2371	1258	3190	4228	185	2786	102	486	4284	4270	1953	3995	1692	4036	2310	536	2738	2165	1186	4369	3960	4003	3134	1228	320	2684	2093	4972	2438	4578	2941	2666	3481	2174	1075	1999	2298	990	3322	328	1616	1278	3804	2904	0	883	1114	4272	2046	3377	3876	2117	3638	462	2482	2598	1418	4624	3487	4546	1790	986	4097	3163	2149	404	911	702	3684	2888	2447	2739	1015	4897	3954	4764	780	
69	3084	1500	3577	4829	3437	4534	1544	3932	2351	1769	3543	417	904	4823	3858	1686	969	3779	1364	3048	2141	1833	4458	2814	3986	134	298	1123	1807	4233	1628	1298	3803	3278	4840	1568	1744	2373	2386	4980	4779	912	792	2281	1829	1098	1069	1688	2285	1460	2418	285	433	524	1937	2460	1614	1781	3182	2538	3079	1627	2714	1938	3570	2898	2260	883	0	4036	627	1245	813	2643	4782	3974	2925	2380	392	450	3667	4838	4939	4553	3935	3102	4502	2139	1814	3005	3623	2502	452	1363	1317	3149	317	1081	1730	3084	
70	3355	3121	1114	3571	4907	628	1139	2035	2197	2914	4019	1250	591	1138	1773	529	2565	4845	2071	2176	765	1317	497	766	1921	1024	2429	3948	3787	2135	485	4460	2528	537	1430	4023	4537	2310	505	793	732	139	3296	1143	2784	1154	2446	291	1416	3496	2268	2741	3771	4400	2538	1286	2962	4459	2156	1139	4272	106	2842	4681	2985	1821	2923	1114	4036	0	2256	4228	3629	2699	1911	2604	3424	4191	796	1674	2858	634	1614	312	2369	2516	2615	4407	4229	620	932	4531	3771	2194	848	1921	2410	4628	3550	494	
71	2255	1161	2540	511	604	2857	3507	1188	1123	1133	669	2364	427	3259	1906	3917	1769	4048	1243	3030	4227	4016	2178	4385	3948	2289	1659	3853	4245	2334	344	3044	2942	1739	693	350	1528	4989	2157	3592	3130	569	1838	2385	4793	3497	1506	4863	3022	2946	1776	4737	4104	2146	4656	1729	992	498	4588	4381	2724	4530	1204	1427	1789	1811	3333	4272	627	2256	0	3606	2522	1175	4105	4332	1579	430	1424	2274	2003	2083	709	3516	195	878	1033	2709	3086	3062	1129	3917	2594	2701	1111	1242	4521	1321	871	972	
72	3014	2027	4226	2390	2752	2938	3208	1747	3773	4024	2545	4845	2943	3703	2286	1462	2789	4375	4379	472	630	2315	3013	2209	1724	4684	283	4950	3401	4490	3482	1471	3907	4033	2666	2990	1839	1040	4257	1888	3446	4470	3544	1679	1471	913	4271	279	1985	4596	3818	1107	155	2377	4221	738	2979	535	1161	2308	687	2160	3939	4138	3079	4387	4798	2046	1245	4228	3606	0	1216	2378	2036	2290	4283	4168	1669	4612	593	1744	1615	2575	253	2932	570	1030	3864	1080	4015	4726	2108	833	221	4708	4643	1363	2130	964	
73	422	2220	916	236	3850	2522	983	3510	261	262	4804	3893	4825	4380	463	1020	406	102	3389	1385	262	3263	1833	167	4029	286	4378	2196	2459	949	3963	1858	1112	2080	886	3844	3498	4452	1500	1591	1311	4715	2910	693	4108	3755	2392	4009	787	2825	746	4738	3552	235	1677	1198	105	2365	4028	2947	4302	3596	4688	1434	4578	3972	3323	3377	813	3629	2522	1216	0	902	478	1149	3179	314	1240	2462	4382	709	4874	2775	253	1490	3150	405	4321	3619	4135	1086	4598	1051	812	4507	1784	933	2116	1427	
74	1217	1312	4178	4791	4682	3602	2105	3550	3441	4834	1345	1257	3695	1419	2659	1830	1007	3736	3749	325	1083	410	2975	4844	4901	1655	3045	4134	4454	440	785	783	1731	4460	4780	588	1605	1111	1989	946	983	2981	2145	1500	346	4682	2140	3603	959	4850	3651	4590	493	2045	1451	2326	3747	4558	4807	142	4414	3229	2852	3095	967	529	1264	3876	2643	2699	1175	2378	902	0	2047	2291	2829	2848	569	1778	3828	3583	2917	4090	2965	1427	3965	3540	1579	3255	1690	1884	477	3109	1019	1462	2708	1969	4973	116	
75	4036	3385	1445	341	1986	1362	1157	4500	2283	2802	4199	4807	3977	3958	2132	4086	1318	1737	3668	4894	953	1468	3381	4752	1912	1512	1386	2547	2339	367	4301	2302	4324	2033	3939	4207	543	4608	2936	685	3604	4375	1865	2173	3995	1830	1191	1307	118	1877	4039	2258	2769	3389	883	995	737	3120	406	3438	1190	807	2221	2500	207	2639	2364	2117	4782	1911	4105	2036	478	2047	0	3706	2131	2880	1602	1978	2971	2231	4726	1340	3909	1455	4822	4626	545	2787	1053	4409	1327	2532	565	817	2216	941	3826	1035	
76	2498	2477	646	1425	1084	426	3493	578	4562	3101	2171	1326	3403	2340	4104	4141	430	4271	3273	4521	4932	3396	827	4781	281	1763	2632	1622	688	2642	3346	3867	1116	243	425	4785	2203	2902	2496	3126	636	703	4793	1979	1576	1085	3273	642	3954	1192	3587	1711	3775	1259	2665	2973	3841	927	651	4101	2661	1230	1114	612	3689	501	4604	3638	3974	2604	4332	2290	1149	2291	3706	0	4334	804	2977	4349	2257	1683	4280	2937	1086	1259	908	3216	3785	2147	4925	240	4770	4552	684	2557	3405	2894	1685	3737	
77	2155	2258	535	4141	3559	3573	2499	3140	3434	4766	3370	4391	2242	2046	4798	1834	1416	3252	3796	1630	4285	2424	4039	3910	206	3734	608	1462	432	2808	2080	1420	295	2301	3780	3609	1308	3097	619	3495	2221	3476	2167	4059	282	3652	3772	1372	1714	4164	2985	1842	3849	548	2398	1562	2918	185	4171	1106	4718	4294	2011	4509	2252	131	2270	462	2925	3424	1579	4283	3179	2829	2131	4334	0	302	953	4199	4027	4687	4301	1262	492	2278	3411	549	1762	2692	1286	648	1751	4893	1664	536	2040	1590	675	4610	
78	2902	4636	266	2553	4963	723	935	3227	219	464	2111	3647	800	1430	3754	4234	3742	4328	1621	3465	1202	2051	3037	1751	4745	2669	3691	2886	3457	4499	4360	4630	3969	2592	4796	1944	1065	1453	3668	2799	1887	4984	968	578	3197	3241	1965	3304	1271	1335	2592	4401	2069	1101	4392	1591	1139	1076	3778	2706	2764	3076	4400	1693	3718	4664	2461	2482	2380	4191	430	4168	314	2848	2880	804	302	0	4058	2168	2347	1952	1653	1085	311	4654	4737	4409	1583	4425	1611	2744	2717	1690	1156	1066	1252	1648	2251	4599	
79	3179	4863	837	2449	237	2844	1320	2157	3529	4968	2621	3247	280	1840	2304	3998	3766	1424	2266	4040	4032	1674	880	2655	4247	3866	571	3395	2451	2487	2747	3586	237	1449	1221	4626	3175	3922	3115	3329	3355	2125	1153	411	2436	4685	2651	4520	1711	2143	2292	108	3024	1292	1427	1458	2353	4044	2715	4884	3408	3425	3852	4177	452	3481	3684	2598	392	796	1424	1669	1240	569	1602	2977	953	4058	0	2144	1263	3733	1984	653	2208	1595	4494	1266	1563	1842	3118	1016	2826	1229	670	2563	3438	2152	4788	4948	
80	3748	2786	3427	4240	1018	2548	4262	4121	1061	348	215	1939	3576	1738	2806	1916	4012	2961	3663	3680	302	1873	4477	4749	3069	488	2374	3840	3923	1353	2037	4415	2245	183	2884	4018	4770	2786	4033	2060	1258	1892	693	1384	4418	1730	4116	545	560	3563	4312	443	2789	475	2487	2536	1068	105	1360	1835	2733	1947	1769	4227	3627	3206	466	1418	450	1674	2274	4612	2462	1778	1978	4349	4199	2168	2144	0	2505	4438	3752	1371	3490	400	3521	3089	1498	665	4252	231	2549	4804	239	1944	4299	1404	3406	3941	
81	213	2751	2683	3926	3707	2474	2666	3292	2302	3238	1541	2535	4436	4896	4272	2266	3723	2619	2983	248	1898	3998	4791	3375	4498	2206	689	922	1313	4679	1178	413	1620	2011	818	4467	4801	4341	3742	1848	3399	381	3446	1576	4472	4898	4293	2473	2287	4206	405	1618	874	4322	823	4418	2282	197	4282	2608	3591	3847	3362	1311	4601	198	3959	4624	3667	2858	2003	593	4382	3828	2971	2257	4027	2347	1263	2505	0	4321	4567	650	4890	4930	1888	4843	4719	1837	2540	125	4075	1292	1396	2566	4391	4816	655	889	
82	164	4842	473	1630	1979	3026	3253	901	3153	1924	523	1869	2547	4786	1019	1050	4337	4046	2214	2612	2610	2585	1026	2062	2402	2018	3464	1756	1787	2784	3559	1520	119	3882	3198	1060	3344	1945	679	175	1035	2603	297	3709	276	282	1712	1592	2446	1116	4393	822	413	4242	3175	4728	3433	4788	1969	130	3699	3282	1377	3485	2126	4080	3156	3487	4838	634	2083	1744	709	3583	2231	1683	4687	1952	3733	4438	4321	0	2707	3819	3631	2512	3957	575	4611	3161	3880	1453	484	1102	1020	3833	3792	950	722	3635	
